-0.001570010480083194
0.001570010480083194
-0.004710015960363725
0.004710015960363725
-0.007849975001139314
0.007849975001139314
-0.01098985664324876
0.01098985664324876
-0.01412962992829398
0.01412962992829398
-0.01726926389894528
0.01726926389894528
-0.02040872759924656
0.02040872759924656
-0.02354799007492054
0.02354799007492054
-0.02668702037367397
0.02668702037367397
-0.02982578754550278
0.02982578754550278
-0.03296426064299728
0.03296426064299728
-0.03610240872164729
0.03610240872164729
-0.03924020084014718
0.03924020084014718
-0.04237760606070105
0.04237760606070105
-0.04551459344932768
0.04551459344932768
-0.04865113207616555
0.04865113207616555
-0.05178719101577784
0.05178719101577784
-0.0549227393474573
0.0549227393474573
-0.05805774615553116
0.05805774615553116
-0.06119218052966589
0.06119218052966589
-0.06432601156517205
0.06432601156517205
-0.06745920836330893
0.06745920836330893
-0.07059174003158924
0.07059174003158924
-0.07372357568408369
0.07372357568408369
-0.07685468444172553
0.07685468444172553
-0.07998503543261499
0.07998503543261499
-0.08311459779232369
0.08311459779232369
-0.08624334066419893
0.08624334066419893
-0.08937123319966796
0.08937123319966796
-0.09249824455854209
0.09249824455854209
-0.09562434390932083
0.09562434390932083
-0.09874950042949582
0.09874950042949582
-0.1018736833058548
0.1018736833058548
-0.1049968617347853
0.1049968617347853
-0.1081190049225786
0.1081190049225786
-0.1112400820857329
0.1112400820857329
-0.1143600624512574
0.1143600624512574
-0.1174789152569754
0.1174789152569754
-0.1205966097518273
0.1205966097518273
-0.1237131151961747
0.1237131151961747
-0.1268284008621024
0.1268284008621024
-0.1299424360337222
0.1299424360337222
-0.1330551900074754
0.1330551900074754
-0.1361666320924354
0.1361666320924354
-0.1392767316106107
0.1392767316106107
-0.142385457897247
0.142385457897247
-0.1454927803011297
0.1454927803011297
-0.1485986681848863
0.1485986681848863
-0.151703090925288
0.151703090925288
-0.1548060179135522
0.1548060179135522
-0.1579074185556438
0.1579074185556438
-0.1610072622725771
0.1610072622725771
-0.1641055185007175
0.1641055185007175
-0.1672021566920822
0.1672021566920822
-0.1702971463146423
0.1702971463146423
-0.1733904568526229
0.1733904568526229
-0.1764820578068048
0.1764820578068048
-0.1795719186948245
0.1795719186948245
-0.1826600090514754
0.1826600090514754
-0.1857462984290076
0.1857462984290076
-0.1888307563974287
0.1888307563974287
-0.1919133525448031
0.1919133525448031
-0.1949940564775525
0.1949940564775525
-0.1980728378207555
0.1980728378207555
-0.2011496662184465
0.2011496662184465
-0.2042245113339158
0.2042245113339158
-0.2072973428500081
0.2072973428500081
-0.2103681304694218
0.2103681304694218
-0.2134368439150074
0.2134368439150074
-0.2165034529300665
0.2165034529300665
-0.2195679272786495
0.2195679272786495
-0.2226302367458542
0.2226302367458542
-0.2256903511381236
0.2256903511381236
-0.2287482402835435
0.2287482402835435
-0.23180387403214
0.23180387403214
-0.2348572222561769
0.2348572222561769
-0.2379082548504526
0.2379082548504526
-0.240956941732597
0.240956941732597
-0.2440032528433681
0.2440032528433681
-0.2470471581469484
0.2470471581469484
-0.250088627631241
0.250088627631241
-0.2531276313081655
0.2531276313081655
-0.2561641392139538
0.2561641392139538
-0.2591981214094454
0.2591981214094454
-0.2622295479803825
0.2622295479803825
-0.2652583890377053
0.2652583890377053
-0.2682846147178463
0.2682846147178463
-0.271308195183025
0.271308195183025
-0.274329100621542
0.274329100621542
-0.277347301248073
0.277347301248073
-0.2803627673039623
0.2803627673039623
-0.2833754690575166
0.2833754690575166
-0.2863853768042975
0.2863853768042975
-0.289392460867415
0.289392460867415
-0.29239669159782
0.29239669159782
-0.2953980393745962
0.2953980393745962
-0.2983964746052526
0.2983964746052526
-0.3013919677260153
0.3013919677260153
-0.3043844892021184
0.3043844892021184
-0.3073740095280961
0.3073740095280961
-0.3103604992280728
0.3103604992280728
-0.3133439288560542
0.3133439288560542
-0.3163242689962176
0.3163242689962176
-0.3193014902632015
0.3193014902632015
-0.322275563302396
0.322275563302396
-0.3252464587902318
0.3252464587902318
-0.3282141474344693
0.3282141474344693
-0.3311785999744876
0.3311785999744876
-0.334139787181573
0.334139787181573
-0.3370976798592069
0.3370976798592069
-0.3400522488433542
0.3400522488433542
-0.3430034650027502
0.3430034650027502
-0.3459512992391884
0.3459512992391884
-0.348895722487807
0.348895722487807
-0.3518367057173758
0.3518367057173758
-0.3547742199305822
0.3547742199305822
-0.3577082361643171
0.3577082361643171
-0.3606387254899607
0.3606387254899607
-0.3635656590136673
0.3635656590136673
-0.3664890078766509
0.3664890078766509
-0.3694087432554688
0.3694087432554688
-0.3723248363623068
0.3723248363623068
-0.375237258445262
0.375237258445262
-0.3781459807886273
0.3781459807886273
-0.3810509747131738
0.3810509747131738
-0.3839522115764338
0.3839522115764338
-0.3868496627729834
0.3868496627729834
-0.3897432997347242
0.3897432997347242
-0.3926330939311651
0.3926330939311651
-0.3955190168697039
0.3955190168697039
-0.3984010400959077
0.3984010400959077
-0.4012791351937939
0.4012791351937939
-0.4041532737861101
0.4041532737861101
-0.407023427534614
0.407023427534614
-0.409889568140353
0.409889568140353
-0.4127516673439427
0.4127516673439427
-0.415609696925846
0.415609696925846
-0.4184636287066513
0.4184636287066513
-0.4213134345473501
0.4213134345473501
-0.4241590863496145
0.4241590863496145
-0.4270005560560745
0.4270005560560745
-0.4298378156505944
0.4298378156505944
-0.4326708371585489
0.4326708371585489
-0.4354995926470993
0.4354995926470993
-0.4383240542254687
0.4383240542254687
-0.4411441940452171
0.4411441940452171
-0.4439599843005155
0.4439599843005155
-0.446771397228421
0.446771397228421
-0.4495784051091495
0.4495784051091495
-0.4523809802663498
0.4523809802663498
-0.4551790950673761
0.4551790950673761
-0.4579727219235604
0.4579727219235604
-0.4607618332904849
0.4607618332904849
-0.463546401668253
0.463546401668253
-0.466326399601761
0.466326399601761
-0.4691017996809685
0.4691017996809685
-0.4718725745411687
0.4718725745411687
-0.4746386968632583
0.4746386968632583
-0.4774001393740067
0.4774001393740067
-0.480156874846325
0.480156874846325
-0.4829088760995346
0.4829088760995346
-0.4856561159996347
0.4856561159996347
-0.4883985674595706
0.4883985674595706
-0.4911362034395001
0.4911362034395001
-0.4938689969470603
0.4938689969470603
-0.496596921037634
0.496596921037634
-0.499319948814615
0.499319948814615
-0.5020380534296734
0.5020380534296734
-0.5047512080830206
0.5047512080830206
-0.5074593860236732
0.5074593860236732
-0.5101625605497166
0.5101625605497166
-0.512860705008569
0.512860705008569
-0.5155537927972433
0.5155537927972433
-0.5182417973626102
0.5182417973626102
-0.5209246922016593
0.5209246922016593
-0.523602450861761
0.523602450861761
-0.5262750469409269
0.5262750469409269
-0.5289424540880702
0.5289424540880702
-0.531604646003266
0.531604646003266
-0.5342615964380096
0.5342615964380096
-0.5369132791954764
0.5369132791954764
-0.5395596681307795
0.5395596681307795
-0.5422007371512276
0.5422007371512276
-0.5448364602165826
0.5448364602165826
-0.5474668113393157
0.5474668113393157
-0.5500917645848645
0.5500917645848645
-0.5527112940718879
0.5527112940718879
-0.5553253739725216
0.5553253739725216
-0.557933978512633
0.557933978512633
-0.560537081972075
0.560537081972075
-0.5631346586849396
0.5631346586849396
-0.5657266830398112
0.5657266830398112
-0.5683131294800188
0.5683131294800188
-0.5708939725038883
0.5708939725038883
-0.5734691866649938
0.5734691866649938
-0.5760387465724084
0.5760387465724084
-0.5786026268909547
0.5786026268909547
-0.5811608023414545
0.5811608023414545
-0.5837132477009781
0.5837132477009781
-0.5862599378030929
0.5862599378030929
-0.5888008475381117
0.5888008475381117
-0.5913359518533403
0.5913359518533403
-0.5938652257533241
0.5938652257533241
-0.596388644300095
0.596388644300095
-0.5989061826134172
0.5989061826134172
-0.6014178158710324
0.6014178158710324
-0.6039235193089044
0.6039235193089044
-0.6064232682214637
0.6064232682214637
-0.6089170379618506
0.6089170379618506
-0.6114048039421587
0.6114048039421587
-0.613886541633677
0.613886541633677
-0.6163622265671316
0.6163622265671316
-0.6188318343329274
0.6188318343329274
-0.6212953405813886
0.6212953405813886
-0.6237527210229986
0.6237527210229986
-0.6262039514286397
0.6262039514286397
-0.6286490076298319
0.6286490076298319
-0.6310878655189711
0.6310878655189711
-0.6335205010495673
0.6335205010495673
-0.6359468902364807
0.6359468902364807
-0.6383670091561593
0.6383670091561593
-0.6407808339468741
0.6407808339468741
-0.6431883408089544
0.6431883408089544
-0.6455895060050228
0.6455895060050228
-0.647984305860229
0.647984305860229
-0.650372716762483
0.650372716762483
-0.6527547151626887
0.6527547151626887
-0.655130277574975
0.655130277574975
-0.6574993805769284
0.6574993805769284
-0.6598620008098231
0.6598620008098231
-0.6622181149788519
0.6622181149788519
-0.6645676998533556
0.6645676998533556
-0.6669107322670522
0.6669107322670522
-0.669247189118265
0.669247189118265
-0.6715770473701508
0.6715770473701508
-0.6739002840509268
0.6739002840509268
-0.676216876254097
0.676216876254097
-0.6785268011386783
0.6785268011386783
-0.6808300359294255
0.6808300359294255
-0.6831265579170562
0.6831265579170562
-0.6854163444584741
0.6854163444584741
-0.6876993729769928
0.6876993729769928
-0.6899756209625583
0.6899756209625583
-0.6922450659719705
0.6922450659719705
-0.6945076856291053
0.6945076856291053
-0.6967634576251344
0.6967634576251344
-0.6990123597187458
0.6990123597187458
-0.7012543697363629
0.7012543697363629
-0.7034894655723629
0.7034894655723629
-0.7057176251892954
0.7057176251892954
-0.707938826618099
0.707938826618099
-0.7101530479583181
0.7101530479583181
-0.7123602673783193
0.7123602673783193
-0.7145604631155059
0.7145604631155059
-0.716753613476533
0.716753613476533
-0.7189396968375212
0.7189396968375212
-0.7211186916442698
0.7211186916442698
-0.7232905764124696
0.7232905764124696
-0.7254553297279141
0.7254553297279141
-0.7276129302467114
0.7276129302467114
-0.729763356695494
0.729763356695494
-0.731906587871629
0.731906587871629
-0.7340426026434268
0.7340426026434268
-0.7361713799503499
0.7361713799503499
-0.7382928988032199
0.7382928988032199
-0.7404071382844252
0.7404071382844252
-0.7425140775481267
0.7425140775481267
-0.7446136958204634
0.7446136958204634
-0.7467059723997575
0.7467059723997575
-0.7487908866567183
0.7487908866567183
-0.7508684180346456
0.7508684180346456
-0.7529385460496325
0.7529385460496325
-0.7550012502907671
0.7550012502907671
-0.7570565104203342
0.7570565104203342
-0.7591043061740154
0.7591043061740154
-0.761144617361089
0.761144617361089
-0.7631774238646294
0.7631774238646294
-0.7652027056417049
0.7652027056417049
-0.7672204427235757
0.7672204427235757
-0.7692306152158908
0.7692306152158908
-0.7712332032988838
0.7712332032988838
-0.7732281872275689
0.7732281872275689
-0.7752155473319349
0.7752155473319349
-0.7771952640171396
0.7771952640171396
-0.779167317763703
0.779167317763703
-0.7811316891276995
0.7811316891276995
-0.7830883587409498
0.7830883587409498
-0.7850373073112119
0.7850373073112119
-0.7869785156223709
0.7869785156223709
-0.7889119645346293
0.7889119645346293
-0.7908376349846947
0.7908376349846947
-0.7927555079859687
0.7927555079859687
-0.7946655646287335
0.7946655646287335
-0.7965677860803383
0.7965677860803383
-0.7984621535853855
0.7984621535853855
-0.8003486484659153
0.8003486484659153
-0.8022272521215898
0.8022272521215898
-0.8040979460298764
0.8040979460298764
-0.8059607117462307
0.8059607117462307
-0.8078155309042779
0.8078155309042779
-0.8096623852159945
0.8096623852159945
-0.811501256471888
0.811501256471888
-0.8133321265411767
0.8133321265411767
-0.8151549773719687
0.8151549773719687
-0.8169697909914395
0.8169697909914395
-0.8187765495060093
0.8187765495060093
-0.8205752351015196
0.8205752351015196
-0.8223658300434087
0.8223658300434087
-0.8241483166768867
0.8241483166768867
-0.8259226774271093
0.8259226774271093
-0.8276888947993514
0.8276888947993514
-0.8294469513791792
0.8294469513791792
-0.8311968298326224
0.8311968298326224
-0.8329385129063448
0.8329385129063448
-0.8346719834278143
0.8346719834278143
-0.8363972243054726
0.8363972243054726
-0.8381142185289034
0.8381142185289034
-0.8398229491690002
0.8398229491690002
-0.8415233993781332
0.8415233993781332
-0.8432155523903155
0.8432155523903155
-0.8448993915213685
0.8448993915213685
-0.846574900169086
0.846574900169086
-0.8482420618133982
0.8482420618133982
-0.8499008600165347
0.8499008600165347
-0.8515512784231863
0.8515512784231863
-0.8531933007606664
0.8531933007606664
-0.8548269108390713
0.8548269108390713
-0.85645209255144
0.85645209255144
-0.8580688298739131
0.8580688298739131
-0.8596771068658904
0.8596771068658904
-0.8612769076701884
0.8612769076701884
-0.8628682165131966
0.8628682165131966
-0.8644510177050329
0.8644510177050329
-0.8660252956396986
0.8660252956396986
-0.8675910347952316
0.8675910347952316
-0.8691482197338604
0.8691482197338604
-0.8706968351021555
0.8706968351021555
-0.8722368656311812
0.8722368656311812
-0.8737682961366459
0.8737682961366459
-0.8752911115190521
0.8752911115190521
-0.876805296763845
0.876805296763845
-0.8783108369415608
0.8783108369415608
-0.8798077172079736
0.8798077172079736
-0.8812959228042421
0.8812959228042421
-0.8827754390570548
0.8827754390570548
-0.8842462513787749
0.8842462513787749
-0.8857083452675839
0.8857083452675839
-0.8871617063076249
0.8871617063076249
-0.8886063201691446
0.8886063201691446
-0.8900421726086343
0.8900421726086343
-0.8914692494689708
0.8914692494689708
-0.8928875366795559
0.8928875366795559
-0.8942970202564546
0.8942970202564546
-0.8956976863025337
0.8956976863025337
-0.8970895210075985
0.8970895210075985
-0.8984725106485289
0.8984725106485289
-0.8998466415894148
0.8998466415894148
-0.9012119002816904
0.9012119002816904
-0.9025682732642681
0.9025682732642681
-0.903915747163671
0.903915747163671
-0.9052543086941647
0.9052543086941647
-0.9065839446578885
0.9065839446578885
-0.9079046419449854
0.9079046419449854
-0.9092163875337312
0.9092163875337312
-0.9105191684906633
0.9105191684906633
-0.9118129719707079
0.9118129719707079
-0.9130977852173066
0.9130977852173066
-0.9143735955625426
0.9143735955625426
-0.915640390427265
0.915640390427265
-0.9168981573212134
0.9168981573212134
-0.9181468838431406
0.9181468838431406
-0.9193865576809351
0.9193865576809351
-0.9206171666117427
0.9206171666117427
-0.9218386985020864
0.9218386985020864
-0.9230511413079867
0.9230511413079867
-0.9242544830750798
0.9242544830750798
-0.925448711938736
0.925448711938736
-0.9266338161241761
0.9266338161241761
-0.9278097839465882
0.9278097839465882
-0.928976603811242
0.928976603811242
-0.9301342642136041
0.9301342642136041
-0.9312827537394508
0.9312827537394508
-0.9324220610649806
0.9324220610649806
-0.9335521749569263
0.9335521749569263
-0.9346730842726655
0.9346730842726655
-0.9357847779603303
0.9357847779603303
-0.9368872450589167
0.9368872450589167
-0.9379804746983922
0.9379804746983922
-0.9390644560998032
0.9390644560998032
-0.9401391785753815
0.9401391785753815
-0.9412046315286491
0.9412046315286491
-0.9422608044545232
0.9422608044545232
-0.9433076869394198
0.9433076869394198
-0.9443452686613558
0.9443452686613558
-0.9453735393900514
0.9453735393900514
-0.9463924889870306
0.9463924889870306
-0.9474021074057215
0.9474021074057215
-0.9484023846915548
0.9484023846915548
-0.9493933109820625
0.9493933109820625
-0.9503748765069749
0.9503748765069749
-0.9513470715883169
0.9513470715883169
-0.9523098866405037
0.9523098866405037
-0.9532633121704347
0.9532633121704347
-0.9542073387775878
0.9542073387775878
-0.9551419571541118
0.9551419571541118
-0.9560671580849179
0.9560671580849179
-0.956982932447771
0.956982932447771
-0.9578892712133795
0.9578892712133795
-0.9587861654454841
0.9587861654454841
-0.9596736063009463
0.9596736063009463
-0.9605515850298352
0.9605515850298352
-0.9614200929755139
0.9614200929755139
-0.9622791215747253
0.9622791215747253
-0.9631286623576756
0.9631286623576756
-0.9639687069481188
0.9639687069481188
-0.9647992470634386
0.9647992470634386
-0.9656202745147303
0.9656202745147303
-0.9664317812068817
0.9664317812068817
-0.9672337591386525
0.9672337591386525
-0.9680262004027536
0.9680262004027536
-0.9688090971859251
0.9688090971859251
-0.9695824417690127
0.9695824417690127
-0.9703462265270447
0.9703462265270447
-0.9711004439293064
0.9711004439293064
-0.9718450865394149
0.9718450865394149
-0.9725801470153922
0.9725801470153922
-0.9733056181097374
0.9733056181097374
-0.9740214926694986
0.9740214926694986
-0.974727763636343
0.974727763636343
-0.9754244240466268
0.9754244240466268
-0.9761114670314638
0.9761114670314638
-0.9767888858167928
0.9767888858167928
-0.9774566737234449
0.9774566737234449
-0.978114824167209
0.978114824167209
-0.9787633306588969
0.9787633306588969
-0.9794021868044072
0.9794021868044072
-0.9800313863047882
0.9800313863047882
-0.9806509229563004
0.9806509229563004
-0.9812607906504773
0.9812607906504773
-0.9818609833741859
0.9818609833741859
-0.9824514952096856
0.9824514952096856
-0.9830323203346869
0.9830323203346869
-0.983603453022409
0.983603453022409
-0.9841648876416355
0.9841648876416355
-0.9847166186567708
0.9847166186567708
-0.985258640627894
0.985258640627894
-0.9857909482108129
0.9857909482108129
-0.9863135361571168
0.9863135361571168
-0.9868263993142279
0.9868263993142279
-0.9873295326254522
0.9873295326254522
-0.9878229311300296
0.9878229311300296
-0.9883065899631826
0.9883065899631826
-0.9887805043561643
0.9887805043561643
-0.9892446696363056
0.9892446696363056
-0.9896990812270608
0.9896990812270608
-0.9901437346480535
0.9901437346480535
-0.9905786255151199
0.9905786255151199
-0.991003749540353
0.991003749540353
-0.991419102532144
0.991419102532144
-0.9918246803952242
0.9918246803952242
-0.9922204791307052
0.9922204791307052
-0.9926064948361183
0.9926064948361183
-0.9929827237054533
0.9929827237054533
-0.9933491620291957
0.9933491620291957
-0.9937058061943636
0.9937058061943636
-0.9940526526845432
0.9940526526845432
-0.9943896980799236
0.9943896980799236
-0.9947169390573305
0.9947169390573305
-0.9950343723902594
0.9950343723902594
-0.995341994948907
0.995341994948907
-0.9956398037002027
0.9956398037002027
-0.9959277957078384
0.9959277957078384
-0.9962059681322979
0.9962059681322979
-0.9964743182308847
0.9964743182308847
-0.9967328433577502
0.9967328433577502
-0.9969815409639195
0.9969815409639195
-0.9972204085973179
0.9972204085973179
-0.997449443902795
0.997449443902795
-0.99766864462215
0.99766864462215
-0.9978780085941546
0.9978780085941546
-0.9980775337545768
0.9980775337545768
-0.9982672181362039
0.9982672181362039
-0.9984470598688657
0.9984470598688657
-0.9986170571794587
0.9986170571794587
-0.9987772083919714
0.9987772083919714
-0.9989275119275131
0.9989275119275131
-0.9990679663043477
0.9990679663043477
-0.9991985701379369
0.9991985701379369
-0.9993193221410008
0.9993193221410008
-0.9994302211236081
0.9994302211236081
-0.999531265993324
0.999531265993324
-0.9996224557554706
0.9996224557554706
-0.9997037895136229
0.9997037895136229
-0.9997752664706339
0.9997752664706339
-0.99983688593097
0.99983688593097
-0.9998886473067013
0.9998886473067013
-0.9999305501355009
0.9999305501355009
-0.9999625941483602
0.9999625941483602
-0.9999847796329174
0.9999847796329174
-0.9999971112980755
0.9999971112980755