0.003140018380182868
0.003140018380182868
0.003139987420436593
0.003139987420436593
0.003139925501249298
0.003139925501249298
0.003139832623231489
0.003139832623231489
0.00313970878729892
0.00313970878729892
0.00313955399467258
0.00313955399467258
0.003139368246878682
0.003139368246878682
0.00313915154574865
0.00313915154574865
0.003138903893419101
0.003138903893419101
0.00313862529233182
0.00313862529233182
0.00313831574523374
0.00313831574523374
0.003137975255176912
0.003137975255176912
0.003137603825518479
0.003137603825518479
0.003137201459920638
0.003137201459920638
0.003136768162350607
0.003136768162350607
0.003136303937080585
0.003136303937080585
0.003135808788687708
0.003135808788687708
0.00313528272205401
0.00313528272205401
0.003134725742366366
0.003134725742366366
0.00313413785511645
0.00313413785511645
0.003133519066100671
0.003133519066100671
0.003132869381420127
0.003132869381420127
0.003132188807480534
0.003132188807480534
0.003131477350992171
0.003131477350992171
0.00313073501896981
0.00313073501896981
0.003129961818732647
0.003129961818732647
0.003129157757904231
0.003129157757904231
0.003128322844412388
0.003128322844412388
0.003127457086489142
0.003127457086489142
0.003126560492670637
0.003126560492670637
0.00312563307179705
0.00312563307179705
0.003124674833012503
0.003124674833012503
0.003123685785764977
0.003123685785764977
0.003122665939806213
0.003122665939806213
0.003121615305191623
0.003121615305191623
0.003120533892280183
0.003120533892280183
0.003119421711734338
0.003119421711734338
0.003118278774519892
0.003118278774519892
0.003117105091905903
0.003117105091905903
0.003115900675464568
0.003115900675464568
0.003114665537071114
0.003114665537071114
0.003113399688903676
0.003113399688903676
0.003112103143443181
0.003112103143443181
0.003110775913473223
0.003110775913473223
0.003109418012079936
0.003109418012079936
0.003108029452651866
0.003108029452651866
0.003106610248879841
0.003106610248879841
0.003105160414756832
0.003105160414756832
0.003103679964577818
0.003103679964577818
0.003102168912939645
0.003102168912939645
0.003100627274740879
0.003100627274740879
0.003099055065181663
0.003099055065181663
0.003097452299763566
0.003097452299763566
0.003095818994289429
0.003095818994289429
0.003094155164863208
0.003094155164863208
0.00309246082788982
0.00309246082788982
0.003090736000074977
0.003090736000074977
0.003088980698425022
0.003088980698425022
0.003087194940246764
0.003087194940246764
0.003085378743147302
0.003085378743147302
0.003083532125033857
0.003083532125033857
0.003081655104113592
0.003081655104113592
0.003079747698893436
0.003079747698893436
0.003077809928179896
0.003077809928179896
0.003075841811078876
0.003075841811078876
0.003073843366995487
0.003073843366995487
0.003071814615633857
0.003071814615633857
0.003069755576996935
0.003069755576996935
0.003067666271386293
0.003067666271386293
0.003065546719401931
0.003065546719401931
0.003063396941942066
0.003063396941942066
0.003061216960202933
0.003061216960202933
0.003059006795678573
0.003059006795678573
0.003056766470160619
0.003056766470160619
0.003054496005738086
0.003054496005738086
0.003052195424797149
0.003052195424797149
0.003049864750020924
0.003049864750020924
0.003047504004389245
0.003047504004389245
0.003045113211178436
0.003045113211178436
0.003042692393961083
0.003042692393961083
0.0030402415766058
0.0030402415766058
0.003037760783276993
0.003037760783276993
0.003035250038434626
0.003035250038434626
0.003032709366833974
0.003032709366833974
0.003030138793525386
0.003030138793525386
0.003027538343854029
0.003027538343854029
0.003024908043459646
0.003024908043459646
0.003022247918276299
0.003022247918276299
0.003019557994532116
0.003019557994532116
0.003016838298749029
0.003016838298749029
0.003014088857742516
0.003014088857742516
0.003011309698621333
0.003011309698621333
0.003008500848787251
0.003008500848787251
0.003005662335934783
0.003005662335934783
0.003002794188050909
0.003002794188050909
0.002999896433414806
0.002999896433414806
0.002996969100597564
0.002996969100597564
0.002994012218461906
0.002994012218461906
0.002991025816161903
0.002991025816161903
0.002988009923142688
0.002988009923142688
0.002984964569140165
0.002984964569140165
0.002981889784180713
0.002981889784180713
0.002978785598580896
0.002978785598580896
0.002975652042947158
0.002975652042947158
0.002972489148175523
0.002972489148175523
0.002969296945451294
0.002969296945451294
0.00296607546624874
0.00296607546624874
0.00296282474233079
0.00296282474233079
0.002959544805748718
0.002959544805748718
0.002956235688841825
0.002956235688841825
0.002952897424237124
0.002952897424237124
0.002949530044849018
0.002949530044849018
0.00294613358387897
0.00294613358387897
0.002942708074815184
0.002942708074815184
0.002939253551432268
0.002939253551432268
0.002935770047790904
0.002935770047790904
0.00293225759823751
0.00293225759823751
0.002928716237403907
0.002928716237403907
0.00292514600020697
0.00292514600020697
0.002921546921848288
0.002921546921848288
0.002917919037813818
0.002917919037813818
0.00291426238387353
0.00291426238387353
0.002910576996081061
0.002910576996081061
0.002906862910773354
0.002906862910773354
0.002903120164570303
0.002903120164570303
0.00289934879437439
0.00289934879437439
0.002895548837370322
0.002895548837370322
0.002891720331024665
0.002891720331024665
0.002887863313085474
0.002887863313085474
0.00288397782158192
0.00288397782158192
0.002880063894823915
0.002880063894823915
0.002876121571401737
0.002876121571401737
0.002872150890185647
0.002872150890185647
0.002868151890325506
0.002868151890325506
0.002864124611250388
0.002864124611250388
0.002860069092668195
0.002860069092668195
0.002855985374565261
0.002855985374565261
0.002851873497205961
0.002851873497205961
0.002847733501132313
0.002847733501132313
0.002843565427163577
0.002843565427163577
0.002839369316395853
0.002839369316395853
0.002835145210201679
0.002835145210201679
0.002830893150229617
0.002830893150229617
0.00282661317840385
0.00282661317840385
0.00282230533692376
0.00282230533692376
0.00281796966826352
0.00281796966826352
0.002813606215171669
0.002813606215171669
0.002809215020670696
0.002809215020670696
0.002804796128056608
0.002804796128056608
0.002800349580898514
0.002800349580898514
0.002795875423038186
0.002795875423038186
0.00279137369858963
0.00279137369858963
0.002786844451938652
0.002786844451938652
0.002782287727742421
0.002782287727742421
0.002777703570929024
0.002777703570929024
0.00277309202669703
0.00277309202669703
0.002768453140515038
0.002768453140515038
0.002763786958121232
0.002763786958121232
0.00275909352552293
0.00275909352552293
0.002754372888996129
0.002754372888996129
0.002749625095085051
0.002749625095085051
0.00274485019060168
0.00274485019060168
0.002740048222625306
0.002740048222625306
0.002735219238502055
0.002735219238502055
0.002730363285844427
0.002730363285844427
0.002725480412530825
0.002725480412530825
0.00272057066670508
0.00272057066670508
0.00271563409677598
0.00271563409677598
0.002710670751416793
0.002710670751416793
0.002705680679564785
0.002705680679564785
0.002700663930420736
0.002700663930420736
0.002695620553448459
0.002695620553448459
0.00269055059837431
0.00269055059837431
0.002685454115186698
0.002685454115186698
0.002680331154135593
0.002680331154135593
0.002675181765732027
0.002675181765732027
0.002670006000747601
0.002670006000747601
0.002664803910213981
0.002664803910213981
0.002659575545422398
0.002659575545422398
0.002654320957923138
0.002654320957923138
0.002649040199525035
0.002649040199525035
0.002643733322294965
0.002643733322294965
0.002638400378557324
0.002638400378557324
0.00263304142089352
0.00263304142089352
0.002627656502141452
0.002627656502141452
0.002622245675394985
0.002622245675394985
0.002616808994003433
0.002616808994003433
0.002611346511571029
0.002611346511571029
0.002605858281956397
0.002605858281956397
0.002600344359272021
0.002600344359272021
0.002594804797883713
0.002594804797883713
0.002589239652410076
0.002589239652410076
0.002583648977721964
0.002583648977721964
0.002578032828941942
0.002578032828941942
0.002572391261443745
0.002572391261443745
0.002566724330851727
0.002566724330851727
0.002561032093040318
0.002561032093040318
0.002555314604133468
0.002555314604133468
0.002549571920504099
0.002549571920504099
0.002543804098773543
0.002543804098773543
0.002538011195810989
0.002538011195810989
0.00253219326873292
0.00253219326873292
0.00252635037490255
0.00252635037490255
0.002520482571929259
0.002520482571929259
0.002514589917668023
0.002514589917668023
0.002508672470218846
0.002508672470218846
0.002502730287926187
0.002502730287926187
0.002496763429378384
0.002496763429378384
0.002490771953407075
0.002490771953407075
0.002484755919086619
0.002484755919086619
0.002478715385733516
0.002478715385733516
0.002472650412905818
0.002472650412905818
0.002466561060402544
0.002466561060402544
0.002460447388263092
0.002460447388263092
0.002454309456766642
0.002454309456766642
0.002448147326431567
0.002448147326431567
0.002441961058014834
0.002441961058014834
0.002435750712511404
0.002435750712511404
0.002429516351153632
0.002429516351153632
0.002423258035410665
0.002423258035410665
0.00241697582698783
0.00241697582698783
0.002410669787826032
0.002410669787826032
0.002404339980101141
0.002404339980101141
0.002397986466223378
0.002397986466223378
0.0023916093088367
0.0023916093088367
0.002385208570818184
0.002385208570818184
0.002378784315277403
0.002378784315277403
0.00237233660555581
0.00237233660555581
0.002365865505226108
0.002365865505226108
0.002359371078091625
0.002359371078091625
0.002352853388185686
0.002352853388185686
0.00234631249977098
0.00234631249977098
0.002339748477338929
0.002339748477338929
0.002333161385609047
0.002333161385609047
0.002326551289528307
0.002326551289528307
0.0023199182542705
0.0023199182542705
0.002313262345235589
0.002313262345235589
0.002306583628049068
0.002306583628049068
0.002299882168561311
0.002299882168561311
0.002293158032846927
0.002293158032846927
0.002286411287204108
0.002286411287204108
0.00227964199815397
0.00227964199815397
0.002272850232439903
0.002272850232439903
0.002266036057026913
0.002266036057026913
0.002259199539100955
0.002259199539100955
0.00225234074606828
0.00225234074606828
0.002245459745554762
0.002245459745554762
0.002238556605405238
0.002238556605405238
0.002231631393682833
0.002231631393682833
0.002224684178668293
0.002224684178668293
0.002217715028859311
0.002217715028859311
0.002210724012969852
0.002210724012969852
0.002203711199929472
0.002203711199929472
0.002196676658882644
0.002196676658882644
0.002189620459188072
0.002189620459188072
0.002182542670418009
0.002182542670418009
0.002175443362357569
0.002175443362357569
0.002168322605004043
0.002168322605004043
0.002161180468566204
0.002161180468566204
0.002154017023463619
0.002154017023463619
0.002146832340325952
0.002146832340325952
0.002139626489992267
0.002139626489992267
0.002132399543510334
0.002132399543510334
0.002125151572135923
0.002125151572135923
0.002117882647332103
0.002117882647332103
0.002110592840768542
0.002110592840768542
0.002103282224320792
0.002103282224320792
0.00209595087006959
0.00209595087006959
0.002088598850300137
0.002088598850300137
0.002081226237501394
0.002081226237501394
0.002073833104365362
0.002073833104365362
0.00206641952378637
0.00206641952378637
0.002058985568860348
0.002058985568860348
0.002051531312884118
0.002051531312884118
0.002044056829354659
0.002044056829354659
0.002036562191968394
0.002036562191968394
0.002029047474620452
0.002029047474620452
0.002021512751403949
0.002021512751403949
0.002013958096609253
0.002013958096609253
0.00200638358472325
0.00200638358472325
0.001998789290428614
0.001998789290428614
0.001991175288603068
0.001991175288603068
0.001983541654318645
0.001983541654318645
0.001975888462840948
0.001975888462840948
0.001968215789628411
0.001968215789628411
0.001960523710331551
0.001960523710331551
0.001952812300792226
0.001952812300792226
0.001945081637042882
0.001945081637042882
0.001937331795305809
0.001937331795305809
0.001929562851992385
0.001929562851992385
0.001921774883702325
0.001921774883702325
0.001913967967222926
0.001913967967222926
0.00190614217952831
0.00190614217952831
0.00189829759777866
0.00189829759777866
0.001890434299319468
0.001890434299319468
0.001882552361680765
0.001882552361680765
0.001874651862576361
0.001874651862576361
0.001866732879903076
0.001866732879903076
0.001858795491739973
0.001858795491739973
0.00185083977634759
0.00185083977634759
0.001842865812167164
0.001842865812167164
0.001834873677819862
0.001834873677819862
0.001826863452106004
0.001826863452106004
0.001818835214004284
0.001818835214004284
0.001810789042670997
0.001810789042670997
0.001802725017439252
0.001802725017439252
0.001794643217818192
0.001794643217818192
0.001786543723492215
0.001786543723492215
0.001778426614320179
0.001778426614320179
0.001770291970334624
0.001770291970334624
0.001762139871740975
0.001762139871740975
0.001753970398916757
0.001753970398916757
0.0017457836324108
0.0017457836324108
0.001737579652942445
0.001737579652942445
0.001729358541400748
0.001729358541400748
0.001721120378843682
0.001721120378843682
0.00171286524649734
0.00171286524649734
0.001704593225755132
0.001704593225755132
0.001696304398176983
0.001696304398176983
0.001687998845488528
0.001687998845488528
0.001679676649580308
0.001679676649580308
0.001671337892506963
0.001671337892506963
0.00166298265648642
0.00166298265648642
0.001654611023899083
0.001654611023899083
0.001646223077287026
0.001646223077287026
0.00163781889935317
0.00163781889935317
0.001629398572960475
0.001629398572960475
0.001620962181131121
0.001620962181131121
0.001612509807045688
0.001612509807045688
0.001604041534042336
0.001604041534042336
0.001595557445615987
0.001595557445615987
0.001587057625417495
0.001587057625417495
0.001578542157252828
0.001578542157252828
0.001570011125082238
0.001570011125082238
0.001561464613019433
0.001561464613019433
0.00155290270533075
0.00155290270533075
0.001544325486434322
0.001544325486434322
0.001535733040899247
0.001535733040899247
0.001527125453444752
0.001527125453444752
0.001518502808939362
0.001518502808939362
0.001509865192400059
0.001509865192400059
0.001501212688991444
0.001501212688991444
0.001492545384024901
0.001492545384024901
0.001483863362957751
0.001483863362957751
0.001475166711392415
0.001475166711392415
0.001466455515075565
0.001466455515075565
0.001457729859897278
0.001457729859897278
0.001448989831890196
0.001448989831890196
0.001440235517228671
0.001440235517228671
0.001431467002227917
0.001431467002227917
0.001422684373343161
0.001422684373343161
0.001413887717168789
0.001413887717168789
0.00140507712043749
0.00140507712043749
0.001396252670019407
0.001396252670019407
0.001387414452921274
0.001387414452921274
0.001378562556285561
0.001378562556285561
0.001369697067389616
0.001369697067389616
0.001360818073644801
0.001360818073644801
0.001351925662595635
0.001351925662595635
0.001343019921918926
0.001343019921918926
0.001334100939422909
0.001334100939422909
0.001325168803046379
0.001325168803046379
0.001316223600857827
0.001316223600857827
0.001307265421054567
0.001307265421054567
0.001298294351961871
0.001298294351961871
0.001289310482032094
0.001289310482032094
0.001280313899843806
0.001280313899843806
0.001271304694100914
0.001271304694100914
0.001262282953631792
0.001262282953631792
0.001253248767388401
0.001253248767388401
0.001244202224445417
0.001244202224445417
0.001235143413999347
0.001235143413999347
0.001226072425367654
0.001226072425367654
0.001216989347987873
0.001216989347987873
0.001207894271416733
0.001207894271416733
0.00119878728532927
0.00119878728532927
0.001189668479517947
0.001189668479517947
0.001180537943891762
0.001180537943891762
0.001171395768475371
0.001171395768475371
0.001162242043408193
0.001162242043408193
0.001153076858943521
0.001153076858943521
0.00114390030544764
0.00114390030544764
0.001134712473398925
0.001134712473398925
0.001125513453386959
0.001125513453386959
0.001116303336111633
0.001116303336111633
0.001107082212382255
0.001107082212382255
0.001097850173116653
0.001097850173116653
0.00108860730934028
0.00108860730934028
0.001079353712185315
0.001079353712185315
0.001070089472889766
0.001070089472889766
0.00106081468279657
0.00106081468279657
0.00105152943335269
0.00105152943335269
0.00104223381610822
0.00104223381610822
0.001032927922715472
0.001032927922715472
0.001023611844928082
0.001023611844928082
0.0010142856746001
0.0010142856746001
0.001004949503685087
0.001004949503685087
0.0009956034242352056
0.0009956034242352056
0.0009862475284003152
0.0009862475284003152
0.0009768819084270615
0.0009768819084270615
0.0009675066566579679
0.0009675066566579679
0.0009581218655305248
0.0009581218655305248
0.0009487276275762781
0.0009487276275762781
0.000939324035419917
0.000939324035419917
0.0009299111817783608
0.0009299111817783608
0.0009204891594598446
0.0009204891594598446
0.0009110580613630043
0.0009110580613630043
0.0009016179804759605
0.0009016179804759605
0.0008921690098754019
0.0008921690098754019
0.0008827112427256676
0.0008827112427256676
0.0008732447722778283
0.0008732447722778283
0.0008637696918687671
0.0008637696918687671
0.0008542860949202591
0.0008542860949202591
0.0008447940749380503
0.0008447940749380503
0.0008352937255109357
0.0008352937255109357
0.0008257851403098367
0.0008257851403098367
0.0008162684130868773
0.0008162684130868773
0.0008067436376744598
0.0008067436376744598
0.0007972109079843396
0.0007972109079843396
0.0007876703180066997
0.0007876703180066997
0.0007781219618092234
0.0007781219618092234
0.0007685659335361671
0.0007685659335361671
0.0007590023274074322
0.0007590023274074322
0.000749431237717636
0.000749431237717636
0.0007398527588351818
0.0007398527588351818
0.0007302669852013292
0.0007302669852013292
0.000720674011329262
0.000720674011329262
0.0007110739318031571
0.0007110739318031571
0.0007014668412772517
0.0007014668412772517
0.0006918528344749099
0.0006918528344749099
0.0006822320061876893
0.0006822320061876893
0.0006726044512744058
0.0006726044512744058
0.0006629702646601989
0.0006629702646601989
0.0006533295413355957
0.0006533295413355957
0.0006436823763555742
0.0006436823763555742
0.0006340288648386263
0.0006340288648386263
0.0006243691019658202
0.0006243691019658202
0.0006147031829798618
0.0006147031829798618
0.0006050312031841559
0.0006050312031841559
0.0005953532579418668
0.0005953532579418668
0.0005856694426749779
0.0005856694426749779
0.0005759798528633513
0.0005759798528633513
0.0005662845840437865
0.0005662845840437865
0.0005565837318090789
0.0005565837318090789
0.0005468773918070771
0.0005468773918070771
0.0005371656597397405
0.0005371656597397405
0.0005274486313621963
0.0005274486313621963
0.0005177264024817951
0.0005177264024817951
0.0005079990689571674
0.0005079990689571674
0.000498266726697279
0.000498266726697279
0.0004885294716604855
0.0004885294716604855
0.0004787873998535875
0.0004787873998535875
0.0004690406073308849
0.0004690406073308849
0.0004592891901932304
0.0004592891901932304
0.0004495332445870839
0.0004495332445870839
0.0004397728667035656
0.0004397728667035656
0.0004300081527775095
0.0004300081527775095
0.0004202391990865167
0.0004202391990865167
0.0004104661019500086
0.0004104661019500086
0.0004006889577282802
0.0004006889577282802
0.0003909078628215541
0.0003909078628215541
0.0003811229136690341
0.0003811229136690341
0.0003713342067479597
0.0003713342067479597
0.0003615418385726619
0.0003615418385726619
0.0003517459056936195
0.0003517459056936195
0.0003419465046965173
0.0003419465046965173
0.0003321437322013065
0.0003321437322013065
0.0003223376848612677
0.0003223376848612677
0.0003125284593620775
0.0003125284593620775
0.0003027161524208811
0.0003027161524208811
0.0002929008607853699
0.0002929008607853699
0.0002830826812328697
0.0002830826812328697
0.00027326171056944
0.00027326171056944
0.0002634380456289895
0.0002634380456289895
0.000253611783272415
0.000253611783272415
0.00024378302038677
0.00024378302038677
0.0002339518538844774
0.0002339518538844774
0.0002241183807026033
0.0002241183807026033
0.0002142826978022177
0.0002142826978022177
0.0002044449021678837
0.0002044449021678837
0.0001946050908073345
0.0001946050908073345
0.0001847633607514339
0.0001847633607514339
0.0001749198090545718
0.0001749198090545718
0.0001650745327957399
0.0001650745327957399
0.0001552276290807009
0.0001552276290807009
0.0001453791950459569
0.0001453791950459569
0.0001355293278657728
0.0001355293278657728
0.0001256781247645615
0.0001256781247645615
0.0001158256830390418
0.0001158256830390418
0.0001059721000990171
0.0001059721000990171
0.00009611747354547057
0.00009611747354547057
0.00008626190132806908
0.00008626190132806908
0.00007640548208416075
0.00007640548208416075
0.00006654831593030787
0.00006654831593030787
0.0000566905065115173
0.0000566905065115173
0.00004683216706971276
0.00004683216706971276
0.0000369734420064355
0.0000369734420064355
0.00002711460656520586
0.00002711460656520586
0.00001725676977373923
0.00001725676977373923
7.413338416432072e-6
7.413338416432072e-6